20.007993642264115
22.471901367641646
50.32710693938634
50.32710693982552
3.625942471381792
3.625942471381792
15.29051653909442
28.5714188350997
31.24998835664659
12.484392577767252
33.11258207560815
24.90038912880207
38.62493348511297
36.603213271871105
42.607571657300014
34.60203327228326
52.60387607382625
30.4970931009926
42.19407909391552
55.248600218145675
65.78945148755916
22.967355206442324
39.43216465353221
52.9941522487794
26.041666051126313
31.948876540346877
31.34795311313059
16.233765840275794
19.542673991134354
22.47189273619597
9.633905600391328
55.58641716833753
59.701471334829385
50.200784245793976
61.80467274923968
10.593213955669084
9.057970435805437
30.95973773502729
54.11253160267261
8.525147517796304
66.97920867712561
35.00173571362531
53.79233760620075
53.79233760620075
80.19242495865848
65.78944341872473
16.339859334791495
77.39934486607943
90.09005017286624
27.59379565098208
33.222580925689755
34.60206525478414
101.52278550889773
15.243891344622106
15.999999924138107
24.39024362578998
19.999999267659767
36.49634835436031
20.080319201677135
56.497173200299656
14.492753178427863
13.297871457371558
11.299433733706028
8.703218876020644
22.12388744331769
8.888887551773031
18.416200275728325
17.953318843762013
17.331016954503767
30.674841340472216
5.665717127494064
13.908201542119519
5.878888985890952
12.109452503153182
14.204539033697667
15.593326003593889
9.302320549304504
20.491789395192942
42.42677408727765
6.1203240389222815
14.144258184358891
31.948840424317538
8.525147406145535
37.453182800577814
11.918949547950508
6.160670231777922
26.666662348594194
50.37782606888982
49.309650966304844
10.660978753978846
53.30488033511674
38.65479456075454
74.79427008548062
16.215330318916852
12.738852596304852
20.618543604214622
46.29624289946697
62.22771853555859
32.54146788811971
32.54146788811971
12.485935668752523
16.61680659301433
54.43656622736321
14.367807865104865
74.96247309166985
11.547344105269636
17.298035301290476
56.49717392425242
32.17500859568693
43.28999336054055
19.96006419398341
12.13590519066007
5.887888698186828
39.062496582585624
14.649867654933225
31.54572396996962
38.639858395931995
16.835000035397353
6.361319294162127
9.297140096357788
9.297140096357788
24.178326815927512
15.082940400102014
65.22345303176604
90.94375206879415
52.35599962362723
90.94373598194444
13.085576828429907
22.626602034410084
31.615554762611865
11.600912665128371
28.392958403690788
17.061934570902828
10.351965867877395
36.192543614990214
36.616622178663064
39.57261508777823
12.50468925242404
39.261876518944355
13.137150750729706
18.392492790140583
26.95417668008386
24.207213306695465
24.36053591183352
35.00174926017677
22.920009085687298
50.65855918742424
38.91050546792591
13.071892716263777
53.70569264409908
10.409071802201517
15.379883039966654
5.7077622776053065
37.56573996139013
18.55286048946268
24.801587184018665
34.3642610022403
24.119632953169646
28.951939690672265
35.82945019994523
33.48961712012684
39.12362996572042
25.78648719502163
14.025242595072877
18.511661564517862
34.41156126720973
26.72367709052865
24.87562131536335
13.717420535917167
6.281403267330799
23.640661670387452
36.44314748102002
12.65342264132565
35.86800438399019
23.657439795056806
17.8635113072882
19.349844492704886
23.196473537703696
38.40245719765503
27.487630048854896
9.578540299955208
39.37007598855151
4.965982775557246
18.484285347196703
40.950038694081584
20.496002888390713
21.715526177970567
16.71960888514391
43.53504461496014
48.053817077273905
21.468440867810855
29.770764442579893
14.684287236364561
39.729836267676326
15.503865907983505
2.3860646214993655
13.618411675221605
33.26679846335622
20.036064320018657
14.265318654358861
5.840435716106472
21.3995289734392
11.778557820090468
14.513787607049954
42.35493198835109
28.216703369781193
6.420133216689145
5.753408282091227
9.335324038547485
26.69514027845999
30.184121997244688
19.5312492255466
46.79456881289243
45.433890847602434
8.291873441615337
36.443146946662445
22.007041198478696
7.331373838045981
26.399153662937074
45.89260774971252
12.37776873515188
21.27206925383173
21.09259525232337
16.136839257865592
21.834059479881393
30.102345966341712
16.722403449290603
13.121636709019041
22.603943857177057
21.240440383911185
57.90387470671591
12.76161205648643
26.652449135453544
12.733985930797724
30.450665795197175
43.668114298948865
34.67405880708876
11.680877063812444
19.08395207760958
32.6477275717382
44.15010555871747
22.321426255435746
17.064839429864165
14.49903552951829
8.756567382445562
21.32196146105391
29.43773539276736
12.251897415744274
30.60911715068597
16.015372636625568
9.116599953093008
41.00040251930829
29.70884792768805
27.42731288259447
29.673584672258524
11.001092282224695
15.576315614838443
25.14457673881341
45.45448581368601
43.47825905911975
15.190637346023902
23.96929084307544
14.064694754271395
20.665422311936872
22.222209522375312
21.07037345508992
18.867902352497374
12.2189618194644
14.423763678526173
12.353303529910766
25.484193927637723
12.20256229967393
15.649441504931385
15.683812224449502
10.487676363835137
11.567373439865136
16.906167865020873
13.540960509063524
25.30363882903237
73.04600526965214
25.987524447818515
16.57824509429316
19.230760362472466
13.01066849445379
29.069759200094204
7.72200764161548
43.85964791554405
14.367815999556774
14.12429367391829
9.233609961203744
1.945524624339398
1.945524624339398
46.06171601866938
11.01320961175415
3.7313431890446274
6.397948817396437
6.435001554572148
38.83494384685372
17.568513576847838
14.039024975971204
24.777000590784898
24.919007656921394
24.9500926256976
12.210010199083841
18.65670781433896
18.231536427771548
20.48760022976634
11.350722721158519
29.76189560091984
30.95016278077685
33.03600087452004
24.096365647097898
35.85513589702828
20.49179863422107
22.54790759638163
15.174506049627157
21.413275994193008
18.7687634796855
55.959693430143375
34.10640207669129
27.624286032916864
28.735631839639268
28.31256253072297
30.18411457007454
10.683760396884374
13.315573666338613
38.520789507456726
6.142504574444174
10.559658778111178
44.11114708854097
14.641281082258145
31.979523377742705
11.013211461623367
14.701553777122495
17.047386532653523
15.04663994701164
23.584894822314343
14.100386263147206
10.499783253329719
3.625942471381792
3.6258150857804816
11.059500039320378
15.748013047340379
4.926107256860481
20.242906595681895
12.195120220152928
6.882308328692796
6.33713181342879
9.852204528725618
40.32258050034422
15.624994551026909
37.453182800577814
20.964346383342043
6.414779330499077
31.249996590779713
18.29825577813115
46.72896804602728
34.965006765077305
47.169749719489495
19.607841828912523
9.025270376632198
31.80660543555578
26.631149149210927
33.11257345147076
33.1125734514287
33.1125734514287
37.87877711009733
9.487666022454194
10.57082436624017
6.0240962509272
18.001799615372672
32.25805489998469
16.840681375721864
13.41740679696274
22.4719084565075
4.118615551173318
7.917655053130238
15.037591549826017
23.201851701111128
5.3390269408711095
18.083177977171044
14.084502874454529
19.19385163327717
5.580355230734771
25.125617802335547
9.115765351415078
9.115765351415078
45.662074476416386
27.247939772302253
24.213066259031667
33.500812969981574
17.885865633149937
24.569995121309034
17.882683680962884
21.1640190132655
78.98890573633564
41.9815125194817
24.390243010164717
12.195121267447657
37.03701005506254
30.303025979179115
17.24135564368
16.299912250798968
13.358264008181168
35.714240331356564
39.52567633261568
24.999962110400592
6.9929980696400325
24.999998522816266
32.25802819647557
52.631521497326084
18.86792298098682
28.57139102985412
38.3729704994312
8.620682907066707
58.82352927889788
19.999998062492583
26.31576248869605
24.999999944305138
27.026990069274788
12.987012233366306
111.11110193660487
20.40813237564378
32.154319395245196
38.022793242329165
83.333328186413
62.49999721959956
32.258039111005765
52.63150363594636
14.492745202067523
31.24997964187178
37.0370123475004
39.99994486421468
19.60782229295132
83.33333267191216
43.4782575593762
32.2580629251977
24.999998602419247
39.99999867516758
47.61904444657476
58.823526132057005
55.55555197397285
58.82352656381477
49.9999990961907
37.8071270113432
58.823463564967746
46.296293443447865
24.271835006059916
55.55555068470979
31.249999271983153
68.02718320073593
33.33333183601572
52.631555254785695
33.89829627688539
52.35599962361924
29.069760315363336
72.46376805328609
21.720235725843615
32.25805489944259
12.98364035943545
4.965243047822747
4.739335809596596
41.237096622548925
526.3157387570717
35.714273712444175
67.02410141091275
33.178461439010796
33.178461439010796
33.178461439010796
46.728971064272315
8.196720965006946
9.124087205573428
13.08900436223218
14.889815295691358
17.4520068980564
21.598265118186788
32.258063696758754
55.37096377465417
60.606040239299205
68.02720732964623
16.81236726716678
18.535673699486363
142.26774150929418
149.9699993810867
27.173902916803076
52.35599962361924
46.29629520200233
35.21124747837326
11.690431967861432
17.06482155164746
34.12969242387189
4.030956435827254
50.07509435503688
48.00768087890834
24.390236631695743
8.059955863291082
8.476011109856513
7.407407241880852
36.48301918903176
13.480716620729044
20.04005722812681
16.260157527152394
79.68123959512472
33.33329237784679
6.2499996955813835
12.69034969137159
12.690349691441845
25.380709834219026
39.999998698729186
15.82278360022847
7.14284884104527
21.276593292144785
29.58579872532012
9.43394965717247
5.6818144447769185
3.9999994052519106
13.568518144582825
7.812493499779668
7.7519336346028505
4.943149828639315
8.695650714141692
21.69196091547366
11.363628737690233
14.57724926324896
5.555550914644086
11.947420182644919
10.638283430354488
14.285713486520777
35.026254170768695
48.78048675411063
66.66663953672122
2.0161283405452632
2.0161283405452632
2.0161289621219933
39.40104731043378
39.40104731043378
39.40104731043378
30.988520242469434
19.829457495765144
32.73320864053414
29.42907425910899
19.44012209886225
16.66666550676561
2.3094683348694542
47.61904460264595
30.988519641815344
28.571414358448852
31.055884887709418
28.145214751872057
36.4564165977891
27.352283738171316
34.19970914225766
21.048189064883776
38.066215388278174
39.84061555213741
24.07316940152678
43.47825856127023
47.619045424731596
43.47825872569685
41.666665142023746
11.83151246895813
43.47825872018064
41.6666643805748
47.619045419734256
47.619043281033996
47.61898400690158
43.478200398877796
3.4364258522092883
9.199630652806157
11.198198084574882
6.8027122026765605
19.168099941364776
14.85883381729284
9.376456694629683
33.62474222794215
19.23075283525083
12.706473651833084
16.75353294150533
26.66772692440537
30.927862582458207
22.021568035182938
10.98900475546458
32.62640890883033
43.51607657080152
42.480859332502845
51.519805693069706
10.903929526461324
14.035079564107496
6.454940569599061
30.174996213873733
19.99998729608819
17.001009028645633
34.24655250657965
33.20050910652117
20.40814943847787
19.976014492275873
32.41488796571245
37.707363424081805
11.258717130121566
27.11494704323566
37.56570997678278
23.86063560111397
18.477442357391695
55.772405666537416
18.986125436884766
11.763312837064358
26.034865990463032
32.123328379093444
21.07924112204008
59.916066745254554
35.01397731468416
11.941714581983195
19.596299485051954
20.712492439248745
9.236161064130103
15.669055185761485
12.360928803807484
14.634847095161177
9.357154547415135
14.396761497756604
37.99388130306277
28.935155491380673
22.20246333318747
35.1123225112476
17.630446702054254
48.16950426055855
39.123587054561646
28.400990961225943
9.618148376893178
28.320557336087447
23.6015783905056
40.176731739626156
22.888505698629146
15.511072400660092
35.39818831135456
32.62638807938844
34.1879899241415
26.788073275795472
23.59600664165042
28.636846724171534
34.3878503476961
29.59451571603712
47.30362762067608
22.696291932669794
21.285624263523747
27.292538024486646
28.74385173669778
16.989442273329484
61.236902040974016
20.83330327950459
37.4531302028789
19.991973952271888
55.89706759168333
28.579552893490057
19.87278503431123
43.029195759467626
31.887707603038564
14.784129611196349
39.7140005427753
27.367227849971147
26.46198755445226
50.70986344354475
20.354131618289134
48.239266736249846
12.181751498078437
39.71405863518031
29.35133545755671
42.99225928190764
27.166530667207454
49.65243291761763
19.95609602716054
62.93266195488104
38.29950209599447
56.1482302424742
25.96053941327965
77.70007767079217
58.651026298180554
31.999999967203767
24.183796693867265
71.63323766688282
73.15288948465324
34.66204482634317
49.57858143418537
44.326240833252314
46.51162784162921
8.73973077324109
81.63265279048025
30.312215717089497
67.84260466352184
39.57261568387752
65.96306037806598
68.58710550286273
51.92107984662685
78.12499974228469
70.52186138036429
86.50518999354742
31.979532971015807
60.79027308968304
36.99592845387155
46.88232512335104
40.453073647202054
63.979526081475434
71.99423661369667
25.342118387489844
6.10948186717547
84.03361261861053
50.175613507256664
34.89183499056126
48.35589884623426
66.05019665245418
37.230081376034384
63.4920581491463
78.8022052043145
21.231421156793754
58.58230652647316
29.61208120103156
50.63291044343119
4.870208695777931
9.768486524459075
40.633887624348375
13.255566789777863
55.18763581896979
37.921879713880074
75.18796732833773
30.012003693879727
43.122033582380745
9.119926655086195
67.65899581147713
12.454850508795934
16.194330946749623
70.62146559602031
10.209289730603318
47.68716970623862
54.64480540444618
20.699646637812982
46.29629307251473
46.59831579636839
32.98152697450929
24.850890604928022
35.27336572674876
11.423348137583146
27.708503249955616
20.358304293086213
10.590975458914068
7.30246745779219
25.40004765028183
30.45066663502246
20.96435722039595
22.779038859843514
19.500777293236787
23.76425539294061
17.988844375346357
24.33089682146529
60.53267722903908
26.226064591854723
51.36105920561087
42.60757729022713
65.01949484179208
49.21258959432854
76.98228104760466
51.098610803289446
17.677211052300308
44.62292838988427
58.71989560363627
67.34005550997375
36.19253690352064
45.43388479192141
59.27681103505508
43.08486926390904
41.5282307225879
54.495902152341614
21.168497345896157
5.221113001378068
57.077614915846866
44.74272097936383
70.57161642567311
61.88117638487836
10.843632694986944
42.14074196663309
11.690434977753892
26.19858021999015
75.30119037020395
59.63028043486171
50.99438067578938
23.674237863840634
70.2247054422554
7.2144852741158125
89.52549675176337
44.70271705094222
64.39148771392898
58.513737564308904
54.674674876864145
62.18904087398935
49.62777952354219
69.44443045212023
67.56755318817982
30.76922453501206
53.24812505289805
67.56755283627152
50.96838874741087
57.306577128051266
8.6730250713291
64.51611529451047
42.78989223407147
52.88206124955718
22.128783766962343
57.80345474262046
38.051741086506084
10.436231986125097
35.95828023804941
82.30450736566799
78.06399338942333
65.4878698729699
46.94834465086959
54.02483852151013
70.0770680317433
12.608747489747822
53.76342758805164
52.05620614787754
31.29889674774215
99.40355116241285
63.33120365638098
48.37928198471627
78.06399296910422
51.786626404336154
40.51862866161524
63.93860316586643
61.50059901059288
66.9792173019698
56.3697712405821
48.23925455250368
41.0677510377484
40.749785889141066
72.88627731137221
71.32665623270529
24.56398254391278
66.62223095017507
96.06145069291671
58.7543894448893
51.62621052260481
23.33721609239582
99.30483792753147
18.40603119824408
80.32125840707766
19.105840769534918
47.57372471084028
71.22505023002483
46.728958120274726
67.65897674438358
35.63790697484179
25.726773169237113
28.312561951278767
27.502740875840228
46.948341899407936
70.42251244636351
49.850433010700655
71.68456182321128
58.85813247741712
90.25267537679935
41.597323950398646
68.82310144005655
43.7062791537522
29.691200701637985
60.56933100248593
16.225857930555172
54.31828428238581
42.31907012929623
66.09383028191657
65.10414386030082
45.89259237025829
37.45317004806479
75.81498243153938
41.614632857403286
58.719884420101494
46.382172102110424
71.89069574450072
39.55694603984795
52.219299160076986
11.82451941954335
28.465687265223917
79.68124468470349
68.77576457525451
32.19573791359311
61.80467151405218
31.725875489209187
52.19204676967896
14.872094215352368
46.08292932933694
26.63824170249372
94.96672238070516
44.05284568622718
50.812986506945165
34.23483761618803
71.63320648353798
46.794553236066335
95.69374040925236
45.62041983862541
52.82618057245585
72.09802070959778
52.85410081308981
61.84289105697107
82.98751767753186
44.014065866434684
65.78944512471584
80.9061152547317
60.240938088278945
81.36692987387447
74.12895252109908
11.582112076484643
77.76046059595018
22.63979055707999
52.52098449534733
47.236633475649384
70.571599248599
63.29111069191985
66.93437159890067
76.21947820816291
13.950886551236032
43.06630194620753
69.25204366903802
58.20718970131516
55.09639376942793
34.72220585469711
43.68717974321428
47.21433156284935
97.56093084160788
49.16418529240901
83.82225565765997
66.88960093550594
18.56319893674686
56.59306890748227
61.16205026417723
37.95064605198384
34.867486771283886
62.77460881060656
36.376844261117185
86.50514805836485
37.14708445582818
42.95530535403982
51.17704366508036
21.128237641862665
63.734831298551825
38.6697396808274
54.28878952928368
46.23206185028462
74.34940396788967
31.318491332614133
50.78717442017018
43.252572844442405
46.860331354954624
45.99813657942269
26.932385080492597
88.18337410608791
73.63766341628344
58.513720320750856
42.68030211559104
85.76324640053691
62.111768685608176
73.47534723261069
9.697433982542629
59.241673073079696
65.96302512581207
58.99701759093059
28.677930865758334
31.249983221323852
36.61660357882033
64.89289136028422
54.20051033738574
92.42138967629255
43.04775936640652
18.98612969127751
32.47805950564265
50.864669676496945
70.12618703520576
74.6825561981946
59.844370215937325
48.49657733511056
17.035764654397173
61.087320183548705
63.979488836834925
69.06073355404817
53.07852460207454
87.25998359035754
71.78746537156235
36.77820517651169
46.21069382985821
40.799649349117374
35.829430715729224
10.72730488554129
71.47958510012367
33.2667798877984
65.35943770041574
5.166620189385046
11.684966041241523
7.394804344537213
97.18166871036024
90.49768066587339
93.10980861734956
18.362088783179836
18.635843368094932
33.11256183598716
70.87167779155928
61.0873161957485
46.511598157731505
81.9000255343817
51.975017302875195
20.04408410970659
62.344099413602585
84.3169774270222
67.38540100097349
57.63684955820617
54.05401832447575
54.88470550574377
70.17539152605654
26.716519778305855
43.17786325512016
38.138798618869444
75.64291475687136
13.577723401939608
44.82291929623378
49.45595074734898
47.25894685915247
64.93501933444972
34.31706617097163
66.7556260231718
85.25143232813596
84.96170501251028
26.81682207894821
76.16140646156909
38.37295811594337
88.49551084236747
29.019131762691117
30.778678584249747
53.56182512771961
60.67956525729888
34.989477304371576
70.52181060491344
98.5220948638892
48.33249147828681
49.019571026238324
46.90428005044903
58.479487439932655
37.24391905910263
31.585571923898122
58.547963468233
53.59052661315964
37.76432117142811
49.850409093326206
45.330878643336845
21.340144247421296
16.30787982075947
77.94225746115134
18.521933438740774
61.652230491731295
32.020466630930486
18.076630171919177
23.980795403132753
22.050696450443194
32.55205618900048
32.467505309389836
34.55422045442809
21.208889097337238
7.846823152298583
11.111101006102981
5.687629808943851
4.001276496444772
20.47080897976368
16.78695677367877
22.104310909287783
5.918554785266886
51.626171661504
11.203215350181106
16.826501785695992
41.254081879682886
46.317691255687556
54.17112279567457
77.82092419597872
48.89970254475233
80.71015807159773
47.618993024034445
52.38338501968393
17.190971714989747
42.08749107142073
41.08458394491058
16.58922884675108
15.137734822955789
43.95598880604468
15.752972968228688
46.1041375919395
60.24088528307228
8.11160548283818
24.177917605512768
34.54226746100117
39.29268012078242
39.54126963518832
42.10520826152684
42.14069285333825
11.5446625688796
58.68536736673492
73.3136838656473
29.09510181745276
43.3650745906425
70.1261288984085
62.38294437757238
83.05636127482248
12.43006324020423
32.43589021366329
29.58575667823824
40.45301714376627
76.33576765702948
62.93257100195418
73.31367662290732
50.761346774554454
53.533111756693536
47.3932921262007
25.112970449410938
18.864336371304308
30.102301993321696
