-6.228041873508634e-05
0.00029854172800479256
-0.00914492793576609
-0.009144885969006264
-0.0009981882704507648
-0.0009981882704507648
-0.0014695945820830934
-0.0016109164587897397
-0.0031319484921951686
0.0022422546683771
-0.0002983068211886514
-0.0024955764878049156
0.00186585966251941
-0.0024323611666169274
-0.005889624614111458
-0.007088512786157839
-0.0072237720266620994
-0.0022354007716980655
-0.00486294836969434
-0.009243567152730609
-0.010896309912365953
0.0020794394771473557
0.007884095469724106
-0.010796839142064345
-0.005565881202975656
-0.008936336269832514
0.006497235820144347
-0.0013266282747153538
0.0037308695905812895
-0.0005751851301434415
0.0027894812655547955
-0.009372697500602148
-0.010066556897661649
-0.006963984166400806
-0.010215742745490971
0.0011726887455006242
-0.0010489207013915148
0.0006230906481641164
-0.010444438659657409
-0.0003440089914918883
-0.010564907723862973
-0.0011221385124092315
-0.009932325669908948
-0.009932325669908948
-0.016402536314180996
-0.011672307144319773
-0.00021272212663119974
-0.015457643955227359
-0.0010545789486596767
0.0024059414009014453
0.008201259549961105
0.008541796278679212
-0.00037913020498634277
0.001409948448206849
0.0012860405056042282
0.002137982332778997
0.004338686513048225
-0.010307043353096231
-9.847753559461776e-05
0.008795221613156271
0.0011278281078320647
0.00022654189305864009
0.0021464980979638303
0.0019905771508763933
0.007939243993874941
0.0007398041292443451
0.005216813885473661
-0.0037754369879638584
-0.0013279675205894502
-0.007563894778389669
0.000906409220023192
8.087717119909165e-05
0.00014680094304687458
-0.0002959649558220472
0.0013228962836315864
5.284130593651269e-05
0.0006226955033330928
0.0029618757881837644
0.0064362940504649096
0.0008761608361398539
0.002789049635565496
-0.012650818631313693
-0.00014446593382750546
-0.0006263790762283471
-0.0026214159827005405
0.00028562986776656675
0.010702046207367071
-0.015661082876045826
-0.003333165773089851
0.0010990732333591821
-0.00365626010392284
0.00328277144304422
0.025758400571194915
-0.0015982656928551946
-0.0019025488868512795
0.0020720203977337786
0.011448246500548718
-0.00022015730167327058
-0.00010749990047856358
-0.00010749990047856358
-0.00030516651331982333
-0.0016378372429109319
-0.003679727919339258
0.0013574415261183505
0.02581632800876132
-0.00011035825019549181
-0.0017049826202798803
0.00021732237252503842
0.006149387924960857
0.010704853870642957
-0.0004960485849261023
-0.0002966114812109788
0.00014702567364739382
-0.0036634409812965323
0.0013428241618400447
0.0014202168674761807
0.0032815029842176964
0.0005717826900013459
0.0007840322636311309
0.0006223487248343246
0.0006223487248343246
-0.008831767545671523
-0.00402492444903829
0.0013638523302063582
-0.006073305986639428
-0.010038512929857706
-0.00035754302545620316
0.003075607719622316
0.00764146442953615
0.002390070748085478
-0.0001114249757963918
-0.0028246461866904614
0.0029172688279990957
-0.0007066546846126227
-0.00718506170879861
-0.011350203685816525
-0.0071774082747244955
-0.00011950762119456786
-0.0037031205279531806
-6.26646522208424e-05
0.001444932112995536
0.00335490269328556
-0.00453907610194132
0.000273661544391589
-0.007480918382718417
-0.0017066356071454806
-0.014434634077537999
-0.00535333453256397
-0.000985069595957967
0.00304711725466733
0.003302276212747657
0.0012361970409145535
-0.0002652408730392194
0.0013212933398740892
0.0063367965221508725
-0.0018803764337508065
-0.0026219970036706754
-0.004270418025754559
-0.0009624181657601678
-0.010345092280114267
-0.008104275628853207
-0.006459851497029906
-0.005334287379767719
0.0012513039732910637
-0.005004254742951664
-0.007467634954274414
-0.0019230056908588115
0.004586684967711944
-0.0022849495463442815
-0.0008576529402154461
0.0020722760199512738
-0.00822733474242399
-0.00044601944604524173
-0.008679569514797454
0.0029493469892556156
0.0026197037938103475
0.004197645620209196
-0.003548821399659843
0.0009511024153974158
-0.0026179524289938346
-0.0017395578699125945
-0.013080001456398116
-0.001131901355486197
-0.004392532351208935
-0.011564823418297983
-0.001630948000131074
0.0017538715513408679
0.0007933646383679806
0.00571315267755549
-0.015073695562903907
-0.0024482529841303633
-0.0025397391157370238
-6.260634209462525e-05
-0.00244337812650694
-0.0004017731401360663
8.114536306487532e-05
0.0010597867280459276
-0.004647255069750524
-0.00046398961725014856
-0.00019883972649228576
-0.0006049057268103081
0.001321920496001106
-7.879410082937868e-05
0.0013303509040232429
-0.009553201142921273
-5.8315397764953055e-05
-0.0011027484597619507
-0.0006099337956394379
-0.0030505148367667464
0.0033226612365428263
0.003370830642235219
0.00020642378922764828
-0.010048326319525878
-0.008997093378664089
-0.0020057434842304365
0.002787919127006007
-0.001583604944977269
-0.0005850720834362179
-0.0029295697254703617
-0.009414717621485791
-0.0014333561756853974
-0.0024258588385618444
3.5558798002998985e-06
-0.002410038528607801
-0.003603023055867239
-0.002607235593536541
-0.0003335210860954397
0.0002235395664349788
-0.003646410691350361
-1.8455689085559086e-05
-0.007845174676096871
-0.0008693119493976491
-0.006517505695524306
-6.074154243028809e-05
0.00950455253947912
-0.013111422304199757
0.010693278499000184
0.0022189590196215274
0.00654131450882099
-0.003752394887820912
-0.005971776083732571
-0.00010946833197794562
-0.0010459988363051534
-0.0011167104969981784
0.0007791358724469537
0.0020254007371924023
-0.00655822089626055
-0.0026946434813596588
-0.0074460318460877065
-0.0019862078062779873
0.0020851245750359887
-0.012310437505788209
0.00822358037660871
-0.006763109428839914
-7.152800066696179e-07
2.601257405697302e-05
-0.00306465927253006
0.007003680274168009
-0.00476047235183492
-0.01238868159524348
-0.0009735264919692928
-0.007383201751218036
0.0012548238156913198
-0.004929325673177973
0.00147129004145424
-0.003477000757663707
-0.0009720895749691018
0.0011853124010961814
-0.0016439985738076846
-0.0008414982625670139
0.007588797388820646
-0.0022261101819885847
-0.00035678607198318476
-0.0019450880712672132
-0.0008194206935424422
-0.002065978896950042
-0.002091050989168295
0.0002306831463508427
0.0030034273718996586
-0.00017224980335697006
-0.0028838903638466035
0.000652030999168951
-0.0023946972677564493
-0.002569458498836521
-0.0004329694818067154
0.000920615616991352
0.010204187945236025
0.001555150494657546
0.0017738839514303043
0.0026474676485171724
-0.0005029184167935244
-0.0005029184167935244
-0.012964288362169712
0.0017714327769269896
0.00030538677853912194
-0.0008735658866429877
-0.0002618891125754313
0.0010936184139490022
-0.0013239252299856725
0.0038896452760164993
0.006773290051851548
-0.0008422726190299881
0.008953438835407869
0.0011844440403627778
-0.0023232137672264063
0.0003860758285127898
0.0021518359346206287
-0.00010902193999601558
-0.01156883010169278
-0.0024088466640051153
-0.00473813982599554
0.004651462708248347
-0.001779860014439289
0.001489642985883118
0.005507660672170671
-0.00031150978431866613
0.0013227696954632047
-0.003056344687596414
-0.0037826861711394615
0.005844881963157589
0.002408599899686971
2.1826367649261763e-06
-0.0040032626198594585
0.0002946036989608845
-0.0012892941803809555
-0.0017858020866528656
0.007701874465030945
0.0008793361118973632
0.001095899054492227
0.0008207638992383838
-3.7662356861472514e-05
0.0038960549300800233
-0.00017016383555633742
-0.0024728126960871567
-0.00015146642252067505
8.749727067732006e-05
0.0063186207666533776
0.0009127285423996454
0.0024838754236429085
-0.0009981882704507648
0.0004706864587340069
0.0011396262962744762
0.0042262009735457105
-0.0014788263372729669
-0.0015499152822666523
0.0018894365046041835
-0.0009396995738630351
-0.0008652620284049365
0.00011175256268171716
-0.003002439981441827
0.004258713617250286
-0.0006263790762283471
0.0030301790034248993
-0.001101828854272381
-0.00422689775926696
-0.0014020809869718443
-0.006331129282999671
0.0026509834122679073
0.006713290943312198
-1.7037134159767093e-05
0.0005059100331366959
-0.003272021097885692
0.0064508050231601305
0.00211012569957369
0.002110101779958346
0.002110101779958346
0.0003697053237338676
0.00024768376606024443
-0.0017105739972057175
7.008624284435918e-05
0.00038644965440540034
0.007879508090669975
-0.002222856759974394
-0.0006462574172627435
-0.0005190078623592868
-0.00011336279696322503
-0.0015316435627820682
0.0015253162079195042
0.00016595093564196906
-0.000642132224695636
-0.0013819795442943674
-0.003135635086949843
0.00011820501980970562
-0.0007117056162006662
-0.004184240489217518
0.0006102075351714446
0.0006102075351714446
0.011092529609273538
0.0008096043687586595
-0.004412091957628278
0.006402779789205475
0.0012806532438390198
-0.0027230513961562243
0.001733032130591548
-0.0004282092982196524
-0.017035677482690952
-0.006510853337957472
-0.002487320859738312
0.004024254005532549
0.008958134649963395
-0.00737157152762683
0.0017326817975547384
0.0054135309308645345
-0.0022803005434809624
-0.0018916796107308587
-0.006517358525539011
0.0036581212570190686
0.0013583767295117797
4.214606533305454e-06
-0.011789618031955223
-0.007170281028127565
-0.0027288302342421723
-0.005857811266035767
-0.006327289742752763
0.0023628652878873125
0.00044968379658744074
-0.006118402471449734
-0.0036713422994839287
0.0008793207176862065
0.005332178832089708
-0.0008969892387728396
-0.003516350611882042
-0.0025355617928017383
-0.003803219590107094
-0.003932087252504004
-0.015434379991376342
-0.017501933647826533
0.0036662173496012024
0.0016043245097414139
0.0007400825580396348
-0.0030128982512544742
0.0017394835475486384
0.00014245978523712177
-0.000509962772859812
0.005845337946634176
-0.008694237461389536
-0.008476656053932607
-0.007105533570819949
-0.009030322613284573
-0.014937314507810965
-0.013267710528492425
-0.011929596302681556
-0.018302175598849866
-0.008255690213204221
-0.011338158494824311
-0.021590606434400552
-0.015568029136825135
0.0037910226865881537
-0.01971800036914084
-0.004584321557627598
-0.012862806400072537
-0.00962438418459964
-0.009767606499509533
-0.0016827218916173482
-0.010038519529415549
0.004974308137986772
0.001778206399760341
0.003770220228831319
0.007880085957282314
-0.0025641207507215657
-0.0008528505466361541
-0.0001304478061737964
-0.007827269652645364
-0.035716254479738134
-0.005975305909443717
-0.012673140353958865
0.002887265087063961
0.002887265087063961
0.002887265087063961
-0.0007815103427708817
0.00045946583337332705
0.0005114491940834481
-1.1372956049059183e-05
0.0011968066051260312
0.001402749242587509
0.006118207213417276
0.007230839601685322
0.0005658247586717467
-0.010139913058449941
0.001190586968915404
-0.00037049525084169283
0.0002655916282613907
0.0168125817840904
0.01737909446641291
0.0029661426605344736
-0.010038519529415549
-0.009894899916401164
0.003185549278582912
0.0007001907132644161
-0.0026107455723436155
2.5923467378645366e-06
-0.0007804364008325427
-0.008401832221673192
0.003971951222953278
0.005957676849043152
0.0015656312752493305
-0.0001436332771483844
8.618012083084166e-05
0.00884193897027519
-9.018089997862292e-05
-0.0007097214680252999
-0.0027349710502089174
-0.0009327351657468057
0.0022139112078280675
0.0004559310874581889
-0.0007971143499427525
-0.0007972165422679725
-0.004850958052647675
-0.0076451098909727355
-0.004144837271240357
0.0005193787837125029
-0.0036954664777153964
-0.000983488859330065
-0.0016681020828725856
-0.0006291651077765805
-0.001454575149519834
-0.004733822122236087
0.001043474103271025
0.0020885551768856365
-0.0016486953341090034
-0.002636677713704044
0.0010995513286774262
-0.0018411763577694034
0.0009660138034466029
0.0006972900085483676
-0.002827671076927136
-0.0022267360176400465
0.0029905454733689775
0.0003007702567735799
0.00018763931676552098
-0.012605550272071084
-0.0005211694883707087
-0.0005211694883707087
-0.0005211694883707087
0.004037076753352775
0.004037076753352775
0.004037076753352775
-0.002279519409141082
0.001997475720114273
0.00579083881321209
-0.00035292524123031613
-0.004812936875920362
-0.005821774999309849
-8.10747312746673e-05
-0.015638331737332874
0.0006236699081407176
0.0047280222607671415
0.005679706068357015
0.006773954776409901
0.0008175229464997024
-0.0040950171984213595
0.0006463859647434776
-0.004141257110006943
0.0012573977037912182
0.008996119534491072
-0.0039641389179487715
-0.014134133444868854
-0.014413619025212484
-0.013504103342897011
-0.010506253747946734
-0.0021131551779617974
-0.01126683584758872
-0.011149963071240122
-0.00671246933047973
-0.015766198799273528
-0.017311786568269715
-0.012459395251151716
-0.0009492194597774165
-0.0013067111295276548
0.0014573636567841394
0.0008969206302047706
-0.006162488432877933
-9.224827255534063e-05
0.0006470369750505849
-0.009821646887324472
-0.004354565586257787
0.003941004579706787
-0.0006149722918664083
-0.005578691920948508
-0.0041685455560085205
0.006341032427826733
0.0017675395180766005
0.004628467953926066
0.0030833548822535367
0.002586651722270391
-0.0032613913359122305
0.0034919536067896484
0.0007167115298910149
0.0007955710808340679
0.004983299009870643
0.0020098597858017654
-0.00044057068240014067
-0.004050689357956529
0.002401802224518839
0.0029497864992524023
0.0034848605756759177
-0.0006719030448737071
0.001763339640859443
-0.0007278100266467038
0.003952735224488142
0.011387617184758754
0.0012616575604328718
0.006311037186694975
0.004957179323948985
-0.0004859642736165397
-0.00034067459866351135
0.005430659279560291
0.003650907094045528
0.004137136877772037
0.018444528221717743
0.0014711428232841823
0.0015838060489141985
-0.001584846801279837
0.00507785811140846
-1.2094594556908496e-05
-0.005013655625894568
-0.0009582331011302611
0.0035659509628479945
0.000645705000366285
0.002838839752871877
0.012188874432237555
-0.006164041737297753
-0.005924788875915601
-0.003048300062051634
-0.00045853493328368143
-0.006562395931330622
-0.005637212976149134
0.00012034670038953065
0.0003649402738926889
0.0011602369888558098
0.001242435921857478
-0.006839257801167742
-0.007050290159322877
-0.0002162038906019735
-0.0005364747404861819
-0.007234260142961427
-0.013537457202055339
-0.0011371227223312091
0.0016983954424635904
-0.009187672675091007
-0.00926586516011256
-0.006067576037622133
-0.0049541339517676555
0.0048292444459755385
0.0026537759689854393
-0.007878098094208863
-0.0039958031314672555
-0.004712909398644084
-0.00017118405911046813
-0.005065497722961454
-0.0032658344170416855
-0.00471508594296785
0.011217846515714523
-0.0018623782467784141
-0.0030403356625464195
-0.012904229440107703
-0.009012763509927723
0.00307227086923295
0.003056131820500151
0.004659897726847229
-0.0009696059373170733
0.00022629784884964507
-0.0025288525920473272
0.0016097657507480548
-0.002406148738866853
-0.0033400568103056625
-0.001263741584336227
-0.013467926027167084
-0.002975165433406664
-0.0020798726978968063
-0.004715281431390493
-0.0032505537144761343
9.371554312704928e-05
0.010974350070763866
-0.005379949675021493
-0.00044359852264595583
-0.0027663316510409815
0.0010142087194960903
0.002675082049641474
0.004004915376632668
0.0010836788681325821
0.003822403551766803
0.007609588927765471
-0.004861944496130532
0.0014129007811106307
0.0007776591470859247
0.005432843421682708
0.002012215200146497
0.007353161502979414
0.0005499235002156422
0.005160066488864274
0.0004620459118892849
-0.00013038365680762988
-0.00332302934240797
0.005289952855569507
0.00249925523670073
0.0009974274538945207
-0.00498241046783577
-0.011646517901279732
0.0008006469689762568
-0.006782794786766097
-0.003347719411497405
-0.022074983522647466
0.0014850968092979212
0.0002832544274500422
0.005794133467463763
0.008486344358225541
-0.00014644798684302333
0.003301086677874179
-0.01012347910957048
0.0025145898964461484
-0.023565184781968073
0.0026377480388248714
-0.006527624573346342
-0.008650521615070718
-0.0014191223820521049
-0.0021656170932387387
-0.0011101307956570754
-0.0014726903850045756
-0.0006930766974421773
-0.0023650023824439872
0.008826486270771731
0.0009460765482616735
0.0015045992229306981
0.0001730815573093342
0.002198403542276114
0.0005110969823850924
-0.0021946183542365452
0.0017408889955402606
0.0032550686612519337
-0.0004246667837214326
0.0021061673676581348
0.001709577316600863
0.00562996642879097
-0.00321485478350177
0.0033016973338731333
-0.016815339687623637
-0.007184265947091875
0.009972421624789474
0.0007372576664494268
0.002250813636293377
0.007106206765581068
0.001597029706749201
-0.0007230507302335697
0.0008673023702777001
0.005645221139897082
-0.003000281862857716
0.006752807564533532
0.009175398709898157
-0.004100586855192742
0.0019915325852756694
-0.0010255865092481465
-0.0007678735560730601
0.012075426586950664
0.0007033198967497161
0.010318339434483167
0.0037466513048989877
0.008504691524775551
0.009493993395227582
0.009349874231888482
0.011124190788049547
-0.002186360384671477
0.006335706757195724
0.008425272639779878
0.007983153407423858
0.009684429546119805
0.010346908880845504
0.01382539948895546
0.0069686336189940055
0.010312345134099487
0.01086615418332074
-0.0025396003838024273
-0.0015672667779500983
0.005476524036379252
0.003991626366667984
0.011352310864439653
0.007468036689845362
0.0011178270544818447
0.004015796070702691
-0.0007456060980886532
0.0018973931844600996
0.0033944458934900244
0.006378114736248792
0.003868390743815852
-0.00016948185839557204
0.0010552634474383592
-0.0002910721970401356
0.009725999512071546
0.00976462057519762
0.0007342072908591671
0.014134786914601254
0.0014433457828043404
0.013657252325778739
0.014576825681808039
0.003227483798270455
0.010381351031401928
0.0015529857814251423
0.007430601435372141
0.01182469374530614
0.006455078744640971
0.01175840047588047
-0.00014687948668321019
0.003963120932579633
0.0046156217526657824
0.0069684406043567775
0.006832991680277683
0.010736007911432545
0.008331078001690815
0.0025568121998218395
0.003430726561970678
0.012813614330192253
0.015917762203968802
0.0034782388337554226
0.011702452061901354
0.007790970679806254
0.009127428050054636
-0.0012887773868600916
0.008411709124702963
0.01525939134726813
0.004254814600960379
0.026364545566474783
0.02070060828371963
-0.0005169708392022789
0.010185542550903445
-0.00022217348227322097
0.0012275601583904847
0.00146580597793645
0.010201860256448564
0.018459587945118452
0.008138861658609293
0.003582705195787268
0.006276790035589572
0.0012419599969760032
0.011107115747982732
0.01269065314454831
-0.0015846210454034222
0.01995272103220528
0.02194779144218645
0.01094885475274762
0.010808140166097017
-0.003068558113588517
-0.0008679761454937162
0.005213652482203955
0.0244368216579457
0.0015233725763552405
0.007613797169895724
0.00234281575961932
0.002780539895199598
0.015189667022590739
0.007720909206342365
0.005044815192294953
-0.0025072169459979064
-0.007054176186403308
0.005832118724587211
0.010820023604377518
0.0011776126135336104
0.02238053973756828
0.008712756556739759
0.023920895833277826
-0.003250031605156793
0.007972581440141136
-9.826547592838328e-06
-0.005652659464075773
0.0017457707323111954
-0.003938239488596263
0.015346228007767838
0.009662740860382128
-0.0005982297875539225
-0.00027594478741867277
0.015057761181181859
-0.0005752603289618654
0.015173785402564586
0.004699094561353775
0.0005872165059437431
-0.00042355794651551475
0.02249725410603151
0.009691680340004272
0.01584246103710235
-0.002147653401733246
-0.006727126016049865
-5.7020277902448727e-05
0.005159929907767006
0.00014943993541415156
0.016228587938027554
0.006472408568823676
-0.0006233003186717643
1.8941354137477363e-05
0.01401173886689523
-0.005117323977452815
0.020660293021266315
0.006953608925966321
0.013425315625837422
0.0006807876116432193
0.02118337968806781
0.002426438821891153
0.017329578760791765
0.00015827774994250414
0.0004888715173184102
0.022962576334156673
0.00282387119171602
0.01755822412701859
0.00034014899905728994
0.006074235964833784
0.013026554342431051
0.0009396656554797168
0.004503885507405827
0.004764570717949355
0.0006978839200262053
-0.0017777806892685594
0.02331639432973325
0.004440234715839444
0.010683627842889443
0.01241862856905344
0.001297731364813718
0.00909554429125414
-0.020130613310234476
0.005633532999807918
0.0012988945499291435
0.00882071802708003
0.01970296699586435
0.014514222426644484
0.0024357351900940343
0.006454338227412294
0.0005859866117567472
0.0019032603675996685
0.00279118190269839
0.0069502706691343084
0.020125490552735457
0.00358477324316904
-0.0024148264831009045
0.006832380692888267
-0.0053702377869182805
0.000972221934062218
0.0013513026848480795
0.0012046494577108544
0.013226267678477842
0.006360350991415879
-0.00040830593807378383
0.004097775550396066
-0.02045439292416649
0.00426884160426439
0.0035970429794556285
0.010344924631988316
-0.00011882134826466841
0.0019520815118162717
0.012111486358101829
-0.011565069169216494
0.012516000911850267
0.006241527487953497
0.00953338808340189
-0.0019966568958030913
0.006626211081723447
0.018202460929605813
0.011705637655367787
0.0022095924241687746
0.00037417949290202
0.01866575574689621
0.0007817667113663062
-0.0008575359512955223
0.003941820384990619
0.015172012926520276
-0.009775086315119358
0.01243174178978664
0.005507242622466703
0.002507812478017294
-0.006326171399506328
0.0046948022174887185
0.015767641600800786
0.01885942228495864
0.004493959755568871
0.0016992449464414419
0.0013324976015944476
0.014183266857033054
0.013102682768169676
0.012751025568988114
0.010114491982344983
0.008608137314870062
0.0052976448255731045
0.0024840933857406527
0.013243255300405854
0.003698804370185968
0.00960509830973137
0.01012239948626559
0.01611182489695069
0.007015604145807558
0.0021341951997160638
0.005417672067014122
0.0024918837884553556
-0.0034367256256919074
0.012928249478563492
0.004245212470618521
0.0034942416959162616
0.001764954070344275
0.0007563743127009733
-0.0005902874745698694
0.0205730797754303
0.0144472059203208
0.026024830140250328
-0.003950807543992925
-0.00400970888643039
-0.0038204039663942723
-0.0007534787329288279
0.005943566634003178
0.006344308741726316
0.026804061331566802
0.013049686601406615
0.0011982085201836352
0.0020493961248930614
0.005757743181690892
0.0003383726812570225
0.008031907584017903
0.004233466904368071
0.006814521608334011
0.00960595262988923
-0.002150265089300682
0.009104197916952297
0.010114258460013154
-0.0002143094211253946
-0.0006542116511670613
6.27581876864894e-05
0.004168587655543076
0.000999944415856176
0.011017425960308719
-0.00011429205602701656
0.015369149472279428
0.005690953858336095
0.021511614865956725
0.00010872049040063369
0.01691260135981526
-0.0009557139448785937
0.014494815368752053
0.002985385869778146
0.0058826898792222184
0.006356716718402413
0.018532335106810488
0.0059516298124158784
0.0003446279630601136
0.005979163538076601
0.007767543150263514
0.0068374591231557
0.005913326544800649
0.01003643794984432
0.0068231844698768
0.007818774121061205
0.010211051455447435
0.0049651086350974444
-0.00029954003378093963
0.008069882726977432
0.011980166488713685
0.006770322164571141
0.0026676281230368698
0.02018859699016732
-0.0024815129349418778
0.00805208440708094
0.004928806075299967
-0.0014823175575295815
0.0028959989675533173
0.009134884971205622
0.0024961700465227785
0.0033768481416960442
0.004733338167134483
-0.00494436735079104
6.0138248079107555e-05
0.001628738838617919
0.0009098154360203704
-0.0012407569332675674
0.005913667701033528
0.0032704736321356527
-0.002103719136774567
0.00014761804854744124
0.019506099739545042
0.00038080150420594967
0.0007863042443135795
-0.00663791616379946
-0.0005612023140115921
-0.006994329036084201
-0.023400037262343833
-0.003013825553289542
-0.023392044265822514
-0.009760880324802707
-0.007551512042703936
-0.0008858091482441354
-0.006588176013944035
-0.007344636556001715
0.006136489965569139
0.0005978747038945818
-0.00756469464465867
-0.00391907800607383
0.00022749049264271894
-0.018513780244371045
0.001575740964298286
-0.008831769519967241
0.014014020033174274
-0.005837353148638355
-0.005874283813082094
-0.0020698005512838073
0.014085089346993821
-0.00011111366135868989
0.0003406545273534959
0.004428763571913392
0.0006086563986699842
0.0017111564509383573
0.0026404841028694953
0.0012311329728086904
0.002546081817414613
-0.00030393278825597355
0.01382116794945472
-0.003925552973023626
0.0012742754776526911
0.002219538150158002
-0.004309406971817999
0.0038025780169393384
0.0002059424804954815
0.0021513520618567793
-0.013666298253212061
-0.0022978090396452043
-0.0031494097778632874
-0.002937797304536763
