0.0195578549732565
0.019822508058456936
0.04321134709726422
0.04321084447230928
0.0058194462343026734
0.0058194462343026734
0.009996878102662289
0.02353224390302497
0.026793662516504373
0.006568071283020918
0.00683051726909218
0.02134953188566086
0.03748425798938695
0.023789532320267565
0.032091710500485586
0.05399358435515535
0.04117964867831076
0.02418833813659742
0.03369364900205179
0.044340617293470455
0.052932806069618726
0.03774222908933627
0.029739194623745285
0.04281136764989718
0.001039403478112701
0.015985238227067124
0.023214953986759587
0.003318993957321386
0.0321553115206493
0.02793957824405745
0.010166037550809432
0.045900132278890456
0.049298112220730696
0.043079294327943385
0.053969106801899085
0.011569981117294749
0.0030632059752569605
0.030047105019593078
0.04823948129601125
0.005328706843236047
0.06005841127414121
0.0317011426389001
0.04970218050162361
0.04970218050162361
0.07521413351217697
0.06201658724202915
0.018027635429502566
0.07296816539911241
0.0848008187198934
0.03580412350844839
0.02502379192938186
0.026062842113300826
0.10770326994247542
0.01833728154354184
0.0008795910200269778
0.002987324330078524
0.0032356464659561253
0.006365862916780319
0.0091467769126133
0.011914684105425838
0.0034087554090766847
0.004840883806992744
0.004964649368607743
0.004351425785625318
0.014780813132662758
0.004819090853560263
0.013901640255499573
0.008732445208302143
0.013838568809838483
0.01634131798101798
0.00766109532293782
0.010935505858127621
0.008243827606180119
0.020349602019596784
0.013440995225492913
0.0012827881957033333
0.009655698824439743
0.023669026587420833
0.057652262808145456
0.0042845221013669554
0.019258289359732682
0.049830458110524375
0.00551328095755874
0.007317228925902294
0.005558394787650632
0.0007238734321116744
0.010759339518184207
0.022999196671439702
0.03664332858150777
0.006529581829936119
0.05014972955143882
0.03712098021270253
0.07842031631303437
0.017379556863612207
0.0044142413058301366
0.023146953556589762
0.06937640566901714
0.06603928411997728
0.038277214538736226
0.038277214538736226
0.020982271629145986
0.0178098582881184
0.04045327727996611
0.015315384301705115
0.07859667384597221
0.00034176285440949006
0.01853999778202673
0.011724581961860669
0.03846448824054405
0.06487144426193811
0.02498715511337329
0.02039405503371726
0.00825644769083395
0.015923714598078627
0.0035688817845737726
0.03305952669285526
0.037106636711847545
0.023776386099287918
0.006964776015341146
0.009650321575487446
0.009650321575487446
0.03839730384875339
0.021499086891030073
0.06779751779031556
0.1067396729494891
0.04616883047932142
0.11981699242436389
0.008090866842016514
0.038230837818733474
4.609148024105085e-05
0.018907868104301433
0.00034418405573046883
0.0003256217002675971
0.004508353032349622
0.0007453886495831245
0.0008329792753157391
0.0009426959178606991
0.00037009707630188625
0.0013764067249792404
0.005411584162925216
0.010530860550345814
0.007374111792546412
0.0009189523219872046
0.0009473304559424686
0.0013970281259897699
0.0009277816715831821
0.0023158612126993653
0.00017470741874188401
0.008357152144552033
0.0027981779231648026
0.009558669492867454
0.0008455004421975718
0.0017663438195691125
0.002131160076707951
0.022892899747917514
0.001515243190730845
0.0021316667709321813
0.0015586449129352527
0.00206013642992297
0.0028826929050387116
0.002806959098195508
0.0036888010030673786
0.002624849905355471
0.00884794833275706
0.0019844005663220547
0.0037784865842472944
0.0009879655081821306
0.0027528958855541704
0.0033069163353249735
0.0068263573323533965
0.002895515308113936
0.0045040718006478095
0.0016040219164765342
0.004675417439744694
0.003678983973709472
0.01999221970636829
0.003130462912109255
0.003893508751097979
0.006486803296801034
0.004646503117731691
0.008308452879996838
0.006750958526964595
0.0010536728012752504
0.009586245308204129
0.0071426963112113315
0.0036560423410282334
0.003913966824102391
0.010346014879601387
0.007928534447475597
0.008970304828887467
0.0040591653600014896
0.005762755372144917
0.004111311300670677
0.007795855066935828
0.017658078617883464
0.0018985383870584415
0.003203106676103653
0.00793313191135443
0.004868370326331184
0.021749201867593448
0.006351458144262686
0.0028969640904259165
0.011062470610381427
0.0035357310684325936
0.010429705384274034
0.007201930957600083
0.0017086976360725346
0.0025841759094053125
0.0024910137618725627
0.00730324472780224
0.007635516601935417
0.005496314638754813
0.013467314105200887
0.013298573627272787
0.0021522215891775585
0.010915610400902095
0.006627889637569071
0.008066555442844348
0.008602280338708503
0.015371103476274996
0.004185888595969409
0.004022036215036574
0.007250905381437059
0.005591704736286359
0.007701321480334874
0.010706222856281849
0.012368557962523367
0.004776728280879863
0.03929122449605736
0.0077593099538025515
0.022371703533356286
0.005005858886086358
0.010563160658894942
0.005245508550641379
0.01267079427620444
0.022897970371821518
0.015228987234336923
0.005132244704144203
0.02491739399169245
0.014444363348198834
0.01973932731792766
0.010167622550181749
0.015406282937443595
0.025251364552904935
0.0003849376248108696
0.0016419014284383947
0.013418676335523093
0.005713664820924873
0.0145577775194843
0.008003802953346986
0.004558107601133641
0.021499119373296956
0.015745316778546233
0.01461127169997768
0.018604412117497294
0.01312355834520641
0.015856846616916723
0.013508333775444158
0.07347945739651142
0.0019876130582037158
0.012553347018632095
0.036170422618909744
0.008872837076309118
0.012600049949530722
0.023712291846287023
0.007431953725228344
0.02891154374920161
0.006911872467414953
0.013799744074332234
0.004845696137291254
0.015540836389870633
0.0009295466540947543
0.01835160709006311
0.007838103143145949
0.003499052187903124
0.012133887473512074
0.009656810910793623
0.00492937660508943
0.015451073573781834
0.044773773397894456
0.008468149148396002
0.011842458862085972
0.01831266456098237
7.223420935621922e-05
0.021885724263499235
0.0006277307591722014
0.0013322186913014447
0.00048641579234338185
3.863204918729796e-06
0.00012876883622747593
0.0015311131976804542
0.0015311131976804542
0.021170992309432347
0.011595999322729486
0.000782459171091202
0.006953013994310049
0.007921025334696373
0.024286410277481307
0.011231942007347692
0.009154061847332213
0.016389959712469048
0.016610218168978896
0.016668980878152613
0.006906808824581683
0.01776601785766947
0.012276542938728395
0.013812636645828685
0.018500093423277904
0.020284447429676358
0.02133202529124105
0.023042141487976252
0.03061310324888935
0.02578579638762856
0.013715974954704417
0.016516029283862442
0.0048519929457159555
0.0028988250951949256
0.013754922424660799
0.04158515409250014
0.025359542693436328
0.03584368607586103
0.0044480959189354815
0.02124078862356013
0.022758338824988556
0.002113659424533365
0.012038117815981289
0.02905184806079277
0.004300049546328911
0.00829222647708116
0.0339013495064942
0.014671686369031524
0.024628671920025835
0.009840234770984673
0.011348504922325703
0.013335267594373675
0.011830617983740235
0.021709544019569788
0.015499180455210551
0.011644559080963525
0.0058194462343026734
0.002240482592361057
0.000527043941619243
0.023731856534044405
0.002970380053902877
0.01835848400328989
0.006217005944720597
0.007479394957403033
0.006886920705390751
0.015516970831045107
0.0016322223520634771
0.012334655963802685
0.007317228925902294
0.024214853196355062
0.001707272716624915
0.013971742617220673
0.014610895156956643
0.018054173832759954
0.044328281076920065
0.07593660543904986
0.007162908090686749
0.002574910836238417
0.025437924893699414
0.021308585984359214
0.024767461780189234
0.024767520054136287
0.024767520054136287
0.02855999110878299
0.00040086251127794217
0.000644867939247394
0.00127159545233587
0.004492206719335996
0.02362857737868708
0.013706260002226602
0.01553482031109437
0.00861109430129158
0.002208717566010025
0.0043088180904252114
0.008420842548370267
0.014364797857371199
0.0037505844100643817
0.012912510141076486
0.01037162300685863
0.01559049966630588
0.004564441141156869
0.022405535099103882
0.009462056733156537
0.009462056733156537
0.04742970100972
0.030094252258684655
0.020168197164122464
0.04004945710271723
0.028278787325939206
0.03794331894275679
0.014392279532734401
0.009531731690185593
0.0732616153748114
0.03561061447556589
0.0061105490902479695
0.0006947960853431106
0.043799724579280705
0.014412199744289459
0.028514718027087414
0.013207189830374312
0.011044270317330589
0.056903930310882
0.03423894777953138
0.04337161149509117
0.011088600820453409
0.008594135603348272
0.046948983340175464
0.07743356279375507
0.007137417666730968
0.045944721823968034
0.033240421290182044
0.010524422655517536
0.003927998941225475
0.006329727018707544
0.03750710669291941
0.0014182870310491418
0.044376602397976986
0.0043325106113430495
0.045015712349208
0.035417121802636294
0.036937278778063395
0.03923465725495953
0.024891764599455427
0.006421243315024353
0.040318710487314044
0.0890221241206343
0.015605853622372686
0.035543002735964536
0.042729710428287736
0.06641415127970772
0.02858606607286194
0.008721747786361929
0.014568896543667663
0.005548606189646585
0.004403456411896345
0.0049436692083910366
0.008889144928054675
0.014485020242512348
0.015988694579341274
0.0002886067185487016
0.00471428768192011
0.06428512198963872
0.08532598298631272
0.004667878772520756
0.02131373612983377
0.012345263183710712
0.004948236884531265
0.060008549883845505
0.002681865299321015
0.04897498728334987
0.024378503771219005
0.04616883809419177
0.019737969408290715
0.0024328073466173073
0.017702116282043226
0.02362912474870563
7.208415127394195e-05
0.0013214833356239226
0.002541595379275991
0.03636771813985496
0.22827670593581442
0.028663041893279118
0.05912370531451266
0.05071952317681391
0.05071952317681391
0.05071952317681391
0.00912943982811174
0.0023385255791411198
0.0026031032906497866
0.004781522416557907
0.0008185592428779945
0.0009594142888601415
0.016303651530747882
0.0007599714964408831
0.049163539596932926
0.048640313515867596
0.02195942092772725
0.014937603118864393
0.01665758620493837
0.0391938891118196
0.041022970532737145
0.02327154221251063
0.04616883809419177
0.0018478284055336908
0.03751352536729599
0.011061839460602508
0.02901394751031283
0.0052830627296571574
0.0031670985334580266
0.04199472305604582
0.004223441666689845
0.017865509725348765
0.012780445855765593
0.005481504122068489
0.0015635914450944771
0.03322400688354308
0.012661145252377772
0.03030877389138029
0.012551630972627549
0.07500311456500532
0.05220596411912178
0.0018966706260869516
0.011936317891004578
0.011936236370967822
0.004287291448979736
0.006756771323592063
0.004594370187916284
0.010877843959970292
0.009524009575913869
0.002105240008566254
0.015332475171594577
0.006486178790199742
0.0016254831578117193
0.007478327195257471
0.010023824730270777
0.007942173765954259
0.005989358378653705
0.004293629737533957
0.023772499006322848
0.01303560389882485
0.0172276457251067
0.007146988743534487
0.01605322604423609
0.017387286582647852
0.0037270279535694477
0.03298379713276303
0.010123175645118726
0.058808378886168605
0.0015866777895317608
0.0015866777895317608
0.0001057785301726975
0.06625974839250785
0.06625974839250785
0.06625974839250785
0.0293679065152935
0.018883127833327622
0.031409672602715266
0.009901785640187948
0.008182755315148478
0.0021841023411759094
0.0014980793190929517
0.0065359712893778114
0.03007503849187655
0.028103662983662226
0.030740381242313958
0.027888009921352448
0.03618091627087609
0.027224131149686123
0.03435333654519728
0.021427269055063224
0.038865020148379434
0.04079135736303892
0.024773217706506718
0.000973432044155372
0.0011090805037287696
0.002015570623559645
0.004083161287676394
0.012410962755384749
0.00774347543203308
0.00813547623458924
0.012821901771532104
0.012828527213381624
0.07588542430182842
0.07143584855442381
0.0009579873366268418
0.004832256795835499
0.015045479448924039
0.010958564330182803
0.01131985884756248
0.014620326438535437
0.012517748713818704
0.01670991068500316
0.024731242413407482
0.01239128634098499
0.00513293271787807
0.017691157595448242
0.0158717153390754
0.023181637117368703
0.011570513609932278
0.03443229670364482
0.045966375818385856
0.045335639466885264
0.05498369439003594
0.011661085161107707
0.015113037192192497
0.007067278528347717
0.033379495874010456
0.022452544949892073
0.019363244999209175
0.03934073184923876
0.03823382912118156
0.02357241831563544
0.0236241290287283
0.03851902721022223
0.04527712996387577
0.013719142991579121
0.03304066957551764
0.04614538830005289
0.02942820792839277
0.02279983917983655
0.06887157464445948
0.02360568125803221
0.014648066148363536
0.03242468799296772
0.04015033810172617
0.026360199517484997
0.07572405834858013
0.044483213448777766
0.015219111027922881
0.025308960035348563
0.02676616144497241
0.011982735226488569
0.020392117281627573
0.016180718516854438
0.019285856218109278
0.01249197997874768
0.01960208836356321
0.05353350038746581
0.04099262339156504
0.031647190516769404
0.05090954655337368
0.025703268154371628
0.07086886768214577
0.05814840941231964
0.04228311642657134
0.014347082432278512
0.042379240948722016
0.03535845049710037
0.060466012428296904
0.03453948344382958
0.023648503969571907
0.05438183657528475
0.0501383146343548
0.053322849191774796
0.04190798396875954
0.037098126606400245
0.04547630985626205
0.05492568577268598
0.04758997525418412
0.07646868792446788
0.037360225867485365
0.03516099854202051
0.045096742184859935
0.04789834511415817
0.028320119991320072
0.10209019480147297
0.03502260261312797
0.06311234596437484
0.03386971062951933
0.09488188414591218
0.04853707954359516
0.03378810262528481
0.07316443531092702
0.054295864857022036
0.025189568672456083
0.06794171164415459
0.04708227481313071
0.04567509659958153
0.08762355335453186
0.0353234066421571
5.897864674809795e-05
6.786330494473957e-05
0.0003052231996856141
0.00024256089538844853
0.00036314034433163815
0.00045980336645106296
0.0008933353283138353
0.0003616572762779363
0.0012680949121814783
0.0008909729750950938
0.0013300441556645913
0.000664060089408585
0.0020866712193028008
0.0018615726938120498
0.0010345721399704333
0.0008312958159189078
0.0024967627821140936
0.0026070862034521035
0.0012778628071839005
0.0018465552430465483
0.0017578882409441403
0.002020532520640775
0.00038436050083236786
0.0038324083109317507
0.001539590436772302
0.003571858522334212
0.0022187908513202777
0.0037417034911763772
0.004052529237244238
0.0034053370870085133
0.005406060700482934
0.00528967504723582
0.006982030503145284
0.0026793969310938063
0.005647897177227614
0.0034470350948559566
0.004675602704947384
0.004197943747673419
0.006995507261609842
0.008162618638542342
0.0029363103162931663
0.0007180110558673362
0.010265503247817116
0.006541104936456169
0.004723098344507357
0.006675818608286671
0.009768320890724075
0.005757741013412433
0.011097193910177076
0.013828396162841707
0.003827774939441335
0.010703330632567804
0.0054106419965841476
0.00956079084486987
0.0010335146781991105
0.0021008805697513974
0.009161896185386934
0.002991359660807793
0.012625917375760002
0.00953850715262359
0.0197023713213378
0.008153472117131532
0.012185322727151244
0.002601960317888679
0.019464238113036037
0.003647384022243116
0.004795141993414624
0.021684878689512715
0.0032157723493966024
0.015172851636086754
0.018253527061545108
0.007102526220094874
0.01695868735771383
0.018393175243692345
0.013060734688036582
0.010035624029813355
0.01423473720013228
0.004699547833510308
0.011412572385848774
0.008639538693309148
0.004612583698819948
0.0032539353839257062
0.011320010281707047
0.013810770293577327
0.009775329608111696
0.010825627597824291
0.009485255153947431
0.012096615518108325
0.009503468213952093
0.012881127053694317
0.0334060284012514
0.014684396045170982
0.02878848346523387
0.023885506922374553
0.03686997241466412
0.027911359027621752
0.04379419244279343
0.029164993418545254
0.010096852309501334
0.025610849402991544
0.033994358946694565
0.03910943260926588
0.02107611931734837
0.026476546075375654
0.03462897372793999
0.025218783920024895
0.024453633878759044
0.0322977872104104
0.012636845695351518
0.0031482273872070043
0.03444305026983927
0.027004135756783922
0.04261379660773716
0.037369075246542836
0.006641315523085966
0.025880818079733414
0.007205882022651795
0.016166050374046583
0.046524646801575774
0.03689250794800848
0.03160586474619257
0.014693514561678974
0.04378660292769395
0.004509382080908721
0.05596333258166623
0.02796787581195171
0.040288466406852116
0.03662133201564956
0.03424518609288538
0.039197091170865415
0.031345282780681036
0.0439654582282309
0.042841426798119774
0.019525174109985485
0.03382576383207612
0.043021995334331084
0.0326162584415656
0.036967434811502664
0.00560914001362315
0.04191546344657716
0.02790689489680954
0.03452261933530093
0.014473564821568866
0.03796629981672116
0.025256679479845775
0.006939562319161399
0.02396173726745453
0.055013435677196305
0.052237894073059135
0.04399199476068882
0.03169418263513972
0.03652722697966661
0.04760134449431438
0.00857699683868225
0.03682875667561651
0.03583463289822655
0.02166958517342907
0.06888794516617845
0.0439544342923266
0.0336101223140976
0.054259110095176116
0.03618571060306826
0.02831510050756372
0.044868607372527486
0.04316705919930033
0.0471434311707597
0.0396811868159092
0.03413544873977446
0.029071264027828718
0.02903353641609653
0.05292936831882779
0.05180783488140962
0.018002455117009944
0.048829210530710036
0.07087565871187969
0.04351674164490387
0.038651643451759504
0.017519907342051676
0.07458205600094711
0.013893373170027276
0.060806058180562436
0.01457423713062946
0.036465906831990975
0.05463751570269573
0.035860078608274205
0.0522787468534781
0.027916915497004275
0.020181530219172343
0.02221985995134065
0.021615862484307965
0.036956841345128985
0.055581031765796075
0.0394749001689575
0.056792026289954584
0.046957757125378856
0.07239380752865635
0.03375183242681673
0.05585845930643323
0.03566616041528406
0.02456474330258778
0.05029324805937666
0.013503289298415566
0.04521497500173193
0.03524330003116342
0.05512350826551128
0.05449313922348218
0.03885585982196389
0.03176235988194416
0.06448283699659747
0.0356072183783889
0.05039492732176217
0.03986908604464511
0.06211202169799254
0.03421613972835671
0.045227104048014714
0.010256640833572351
0.02476509580875353
0.06939197375588442
0.05997795696648831
0.0280821127019379
0.05391047707754943
0.027794845607051918
0.04572820772770301
0.013049516813397716
0.04055973204264432
0.023466962906202708
0.08383650012924898
0.03892960970973554
0.04491362396470495
0.03035275672497264
0.06356936787007818
0.041644582882945494
0.0851971016327359
0.04065757486888199
0.04735069805404568
0.06465065361698956
0.04793079243827046
0.05609015638162753
0.07532941094533616
0.04004999205733828
0.05990105436399978
0.07374310177425607
0.055535478568670096
0.07546851173100995
0.06878003121418874
0.010759981098302947
0.07226132940437
0.0210406745685267
0.048961265661232205
0.04404734252845176
0.06608747227985458
0.05942234750486273
0.06300988907544881
0.07175793355640549
0.013200715667291444
0.04075785144942527
0.06562128680585715
0.055210550630143185
0.05239131063511484
0.03309040553166753
0.04170184126465433
0.04512300484396276
0.09342085276040156
0.047216060944341616
0.08050263767578057
0.06447674853683083
0.01789816818370193
0.05458327246782616
0.05957110376406201
0.037036502865596156
0.03411490688748942
0.061599982270855176
0.03583307101847035
0.0852628938955757
0.03663798890232705
0.04238485508327373
0.05050285581961876
0.02095853164297859
0.06343671480246747
0.038517498124761955
0.05411852095767091
0.046291538494407036
0.07459910707230599
0.03143006499229136
0.05105568215122022
0.04348658677280794
0.04724261624650342
0.04644771679351818
0.02724556636572501
0.08961215220946503
0.07496391767458814
0.05961544786054342
0.04358382718122485
0.0877376024667077
0.06359001003608726
0.07522501167674434
0.009937929699947803
0.06074697455626842
0.0677920805166316
0.06072012008844098
0.02958896104418731
0.032285877008724026
0.038100223302097454
0.06753360673123447
0.05642897947920426
0.09630317144972639
0.04492130939293889
0.01982493451867531
0.03396963076571807
0.053602956292668286
0.07391067577298413
0.07889046274913068
0.06329992483636634
0.05130550127252708
0.01813225967442856
0.06509564050203909
0.06819492684016142
0.0741690168277348
0.05717343907181502
0.09408930488785734
0.07746320007066529
0.03971561100926975
0.04996125753734556
0.044155605571300174
0.03879869176325192
0.011625661107562761
0.07752115100840243
0.036088891144224686
0.07170231760483275
0.0056785714994997665
0.01284385698175031
0.008136320132409613
0.10703784610521419
0.10044019141645925
0.10338025851758575
0.020475523896636275
0.02078078701846462
0.03704755430514256
0.07931963571035758
0.0685236834042912
0.052221839419342206
0.09227269392573119
0.05859932472161473
0.022712355210597647
0.07080193745110501
0.09579422443379847
0.07677995484460745
0.06573916918675615
0.06200591581428484
0.06296106248142057
0.08070997617667378
0.030728871361998693
0.049786999223789034
0.04398544546593431
0.08736090672206834
0.01572071755988714
0.05190566508293316
0.057349158856729816
0.05528437120156321
0.07616279974947995
0.040365187300961114
0.07874169121928261
0.10062295477957876
0.10052448995726196
0.03183572556789824
0.09066115760612478
0.04576493294070114
0.10575626084434099
0.03468160575421003
0.03679393576313401
0.06417698196681197
0.07271032587808764
0.04210893870156395
0.08495529135330064
0.11947531888232658
0.05873545831179792
0.059688756833784
0.057114630068705576
0.07162487617697995
0.04581100108729369
0.03899895169352768
0.0725973484632518
0.06646553779683513
0.047026816925883674
0.062282532709219796
0.05669826840006952
0.026828231795193953
0.020576550360197905
0.09878877937861319
0.02349685878858673
0.07861064630961952
0.040887774939175926
0.023086175057548865
0.030792658338677923
0.02841315732577582
0.04196400324679964
0.04185823592020767
0.04507088588884805
0.027683695411163025
0.010275700609923284
0.014896403723783626
0.007690712652926248
0.005456813985328032
0.0280623853069068
0.023333453806434677
0.030786732469142028
0.008299374425676896
0.0724070351699662
0.015822071072735068
0.02376990677932923
0.0595630436743759
0.0669837074257374
0.0790548865466214
0.11431340608307952
0.0719029271874418
0.11968501658573175
0.07144401513023377
0.08011697463119305
0.026342196348261394
0.06519877026737209
0.06393384404606875
0.025878179554433504
0.02380832099768288
0.06921794520056648
0.024858098480705113
0.07306076072867132
0.09551848977330307
0.01286251091966233
0.03839835445363062
0.05515325942620717
0.062865670928784
0.06326339759341847
0.06796002461466497
0.06802126563280139
0.01881631242641958
0.09607411882227902
0.1204778614041526
0.04781376239367149
0.07202165067739771
0.11739385243226327
0.10444014324163413
0.13946467760314313
0.020888643612841665
0.05454502592092174
0.049779318543667794
0.06806965083365422
0.12969324865982515
0.10696454788490037
0.12482809492879099
0.086994235182641
0.09183950390961589
0.08193874374725102
0.04367811795676521
0.032837217415050045
0.05253732408847173
